3954 698 1895 4293 263 1565 9650 2107 3752 7609
2839 4481 1531 2807 679 8237 3967 3136 3750 1241
9972 6801 5992 5882 1890 5711 258 4608 4849 9918
3999 941 1293 9723 1832 3138 9443 6154 9915 2935
4569 1755 4483 409 744 4956 5831 2911 6718 3939
8012 7826 4044 8412 9670 482 6973 5547 300 9914
1154 1174 3943 8478 932 2109 8026 7394 9567 662
5751 6970 80 6982 5868 720 6282 2566 1235 7393
433 6489 9040 2768 547 515 9628 5085 6402 4630
4156 674 4590 2076 3708 5862 9522 2941 5609 4470
9082 8139 1403 842 1834 5537 2740 4361 8324 1805
548 1023 9310 4400 257 205 1300 5186 6562 3330
1537 628 9778 3210 773 422 9578 7961 9922 4528
108 3854 9043 2434 4922 1833 1940 3998 2116 9814
4402 5556 7963 8268 3723 2599 520 4029 2726 8105
6757 253 3911 654 2707 904 4952 4916 5084 9601
2447 3318 9701 9597 1532 9807 232 1305 4285 1788
1981 4293 156 1181 3249 883 3954 3947 263 8421
8672 5945 9310 8733 3050 8302 9194 7955 7782 3330
946 9212 1182 1468 8642 2038 1479 8009 790 124
5488 4185 1723 6531 1288 2131 5173 1766 9840 6882
4874 8416 4490 4650 9464 8002 7287 4888 8762 7886
7058 4630 8650 7421 6400 9769 5379 4988 6656 777
592 5168 5803 5720 4354 1196 6478 4825 5831 7690
652 9214 5209 8794 205 518 4641 7980 533 5744
6644 6642 9419 5002 2220 5736 783 2636 3859 8500
6683 3035 6088 5378 4463 1224 7859 6625 9803 4683
1924 8912 7422 7125 7610 4536 4887 3469 6085 5977
7124 1888 2070 4510 814 5626 6679 2461 6187 4738
6201 5740 9006 6309 4665 9808 8125 6999 5460 7674
4727 8832 4105 4645 550 8264 9728 5244 4194 2768
4267 4870 7806 4259 3768 4995 3479 1342 9012 9560
1330 74 8976 1870 855 8466 4388 3086 9210 3439
3491 9200 990 471 2943 507 669 638 1218 3068
5556 7963 520 5156 8104 2687 6683 4402 6088 3035
1852 3154 3539 8517 6393 402 1240 102 3116 1385
2607 9805 2116 2271 9526 6252 7957 9630 9911 4262
7707 9443 4220 3999 1832 6651 941 6767 3065 9915
4040 3585 1466 6346 2956 472 557 5729 5768 2640
7944 3503 7724 6738 5850 7738 5827 2032 931 8038
796 4992 8083 4388 890 873 4553 3187 8648 6049
6983 2280 9988 5093 376 5394 1990 1142 7957 7538
5938 3177 5224 4016 5976 187 1137 8264 9547 2194
5116 6551 5436 9656 4511 2215 6259 5639 2367 1768
8433 6613 9509 3628 1096 9835 2465 9643 3308 6948
6089 6013 3574 8057 3571 4054 5413 4806 6428 7235
5857 9452 1308 6834 7636 5952 3795 4171 363 5081
1255 9676 3013 3359 2628 2182 4208 495 1666 914
3270 3747 2141 6365 6176 512 6179 7689 8040 3140
4630 7058 6400 777 7850 7421 5879 8650 5379 562
4 2485 6087 4495 3705 236 7935 1436 9121 4871
8075 8099 6753 8342 6046 2631 5092 5788 3188 8894
4458 4806 1640 4108 4211 5673 4872 4553 5943 3431
4476 4898 6379 2914 9875 7496 23 7949 6736 112
68 4814 7633 5480 4598 2684 6709 9887 6645 560
656 5449 8007 8116 4159 6709 2515 9148 5966 9810
4694 767 652 2321 5572 3979 9985 1545 1913 7844
9606 6650 7051 191 6019 1802 9373 3148 3100 3114
7237 796 9528 8720 4553 4211 3187 8648 6049 6918
6711 7097 5844 6834 6376 6207 5125 7897 5952 9452
5977 5246 634 3502 4650 9868 1040 2777 7781 1359
6765 705 6564 7071 5711 3962 5264 3816 4849 7164
6911 5615 9910 5237 3924 9406 6839 7675 3403 8454
5229 8190 632 8499 2520 4831 7765 5550 3876 5647
9338 7955 3802 9058 5459 8109 4766 5171 9722 6803
7745 5765 928 9395 2212 6614 4420 376 5661 4564
2239 7338 9868 4575 6742 5390 1299 8949 7004 7346
6184 7270 5415 2172 3909 1777 6638 6018 3680 5874
6882 5518 3387 4793 5488 5406 6341 4582 2220 6161
3779 8566 431 491 4224 9329 2863 970 9251 3338
6404 5811 8052 7997 7484 6103 5912 6380 5774 7675
7337 1538 3545 7876 4225 4711 5120 3820 1548 8744
113 9215 5031 5886 4705 4127 558 4560 2120 5292
7960 2978 737 1767 793 678 5134 72 705 6734
1451 9601 2010 3670 5084 6501 253 7153 7302 1061
767 4802 9985 652 827 5102 5572 2321 9855 1913
5722 8166 1429 6281 9001 8390 7367 5856 2565 3540
4345 5155 2443 6318 7959 2691 8874 3462 6878 796
9143 8761 1083 92 9863 311 7099 521 8785 5430
439 8305 9471 9667 1428 468 2502 7634 9020 6521
4296 9636 2128 3992 2972 7718 5099 1035 2805 1532
4586 100 473 7465 5387 3231 2669 5571 6106 1555
4391 9413 9286 8458 1231 1567 991 4932 3519 9258
74 6135 1330 5903 167 4004 1870 6647 5051 6382
6683 520 4479 5556 7963 3822 4402 3382 8270 2726
6105 4674 6957 2091 3565 7927 7584 3508 623 4416
716 6204 7163 6549 3452 7807 1634 2532 7552 401
6651 8734 1205 2841 4220 8586 7707 3394 8601 6767
7243 7852 2449 6036 7596 5347 1799 6896 2036 8166
7340 6166 7171 7586 48 6798 9703 3151 80 7539
4741 5132 9870 8914 4538 8465 103 7573 5259 1748
8516 2222 763 3217 7259 6453 1483 6509 9239 8972
7971 7326 1638 2552 6032 75 4902 7989 2403 6123
9960 6288 3434 4368 9326 2453 5903 7920 9208 5712
7765 1376 8492 2789 5640 2432 5737 7820 6950 6124
3750 663 1186 2613 642 5198 1485 2676 4369 1616
2058 9265 1929 2235 5604 4969 4536 432 6221 7166
759 2894 2546 1356 6550 5426 1717 9798 2891 1275
6487 8977 5822 8151 6161 5095 5173 5381 6689 6949
690 9561 6427 8082 9194 3517 9019 8782 9004 2487
