3752 2837 5307 2176 882 1895 1254 4293 4009 1884
3136 9574 3013 2781 909 2492 9814 9520 2839 9564
9972 6801 5992 5882 1890 2707 6906 5711 3816 1821
9825 272 9842 9575 107 9843 3211 1293 9723 9582
5897 1671 4719 1538 4464 7604 917 5609 6496 5164
1097 1239 535 4943 4060 3227 4246 4044 3460 2329
1174 3943 2176 8284 2774 1036 8478 8886 2456 2638
5868 5447 3109 5671 5751 1235 6970 2448 7586 9394
9628 4304 3912 433 73 3382 1098 707 9728 3018
5609 9013 7849 1538 4764 4719 7885 7642 9185 1671
1218 693 1403 6946 645 3227 4060 842 1167 1863
4697 205 1660 6491 4762 5087 6489 1300 5525 1525
1537 4057 2649 130 506 9692 2477 9581 281 120
9815 1564 924 108 1531 9860 1323 9936 3854 9602
797 4402 1652 714 2771 2541 2826 722 9798 1264
1892 5736 9747 2483 3325 5091 5740 6107 2 1302
3829 9595 319 3318 2909 2371 3935 4269 8352 9701
1981 219 133 156 1181 1370 3249 8642 9805 25
2768 872 9164 1421 163 1456 1440 5186 356 1903
2176 9212 122 1468 9576 9712 4007 1699 1916 609
9840 6882 9875 7217 9996 5557 7931 7723 6822 4689
4490 4457 4797 4650 9464 4560 8002 7134 5047 6478
7058 5085 8650 5018 4742 4777 7421 4739 4552 5819
8335 7849 5831 5288 592 246 4724 5208 5293 4883
652 4630 5209 8794 205 4554 9792 518 5057 4797
5947 6422 8500 3011 268 4567 5300 4783 2594 5112
4683 5406 6827 4492 6683 4827 4590 5596 5018 5748
5963 5865 4839 8926 4215 5969 5736 8912 7422 5146
8189 9609 6827 4472 5084 5477 9546 4703 9521 2070
5232 5195 6162 6406 6428 5810 6487 5158 6360 6289
5380 5207 5260 5938 116 5652 86 4105 4552 4727
4995 5559 4962 4870 5330 4318 3150 2657 4766 4267
5300 8976 4783 4499 6030 4956 6508 6338 5579 900
9200 3933 9055 7277 8530 669 638 3068 2304 687
4511 4941 8862 5715 7058 3050 7843 1482 3368 1336
5866 5841 6707 5309 3364 5376 2989 3529 4412 1884
6708 5842 5867 2607 2116 2755 8534 1254 9212 2038
5184 7707 8144 2841 4997 6465 7936 1843 3004 6358
5500 5177 6187 5023 5341 3565 220 4113 3672 236
5074 3503 9876 7724 6823 1781 6738 7738 6503 9997
4773 5214 5163 4867 8307 7024 4388 890 8409 1420
4564 6983 7957 7538 6281 6158 6283 8107 7266 859
5224 7135 8105 5938 416 4905 3911 1717 1495 4390
6302 5144 813 5029 6801 9656 5176 7642 1524 4511
5148 5428 468 7891 9643 4824 3308 6948 6613 5764
6089 6013 1696 2640 5859 3571 4963 5325 1277 6085
5880 5857 9452 9043 9669 9000 1389 8997 9160 8218
5641 2890 3292 1255 3948 6707 1846 1884 3934 3717
5213 5437 5750 512 976 3270 7689 3747 5772 8040
4742 6400 5084 5138 4743 5596 113 7589 31 5047
5653 6627 5012 8060 5110 3846 5559 581 8338 8861
6123 6192 8075 2591 6343 7418 7932 7218 8111 9960
5673 4357 3212 8480 8906 60 6455 5512 7517 7548
4898 5997 1321 2640 6089 4476 6379 8612 4793 92
4814 6709 6167 9887 6645 7633 560 7596 6819 6983
6004 5830 5999 7228 5499 8603 5966 6252 8966 5974
4694 1545 1524 7844 1658 4604 4641 6500 5086 4646
5211 7374 9606 9138 8809 106 9900 3249 2727 1981
7237 7024 796 7700 7287 4388 5731 2854 9528 8110
6834 6376 6316 6612 6711 6820 6207 9888 6798 6692
5278 4490 4461 4650 4457 5051 6930 5910 9617 6827
8402 8564 3816 1890 6354 6564 2523 9972 1821 7071
6560 6911 7269 7675 6371 6268 6898 6202 5172 5487
6413 7094 6321 5989 6440 5327 9892 9800 5167 9894
5635 9058 5440 6905 6937 7346 6144 8254 5941 7960
6405 6712 5504 4579 376 8201 4564 6971 6458 6022
5390 7346 5669 7338 7159 7758 2239 6744 7082 5242
6638 6018 6857 7881 8279 5743 6184 8621 2495 5752
6882 5199 603 7217 6689 1478 9875 1946 9845 9840
5877 3049 5728 1818 9719 6214 3541 8190 491 9546
5912 5811 6380 6430 5774 7675 6911 6804 5217 7765
5885 5826 6342 5155 9858 6191 7157 5456 9797 9121
6609 9769 933 4560 618 4388 4660 5296 4874 113
6853 3802 4240 3239 7960 3250 7744 2453 2771 4232
7364 2085 8189 5541 5084 9546 6501 6827 253 9547
6553 7616 5496 6725 4802 6736 8307 9061 5153 1234
7367 8166 7903 1429 2104 3680 2805 3108 9001 1390
8578 8004 6878 6784 6994 796 7529 2010 9153 2092
9464 9208 9792 4888 5234 8761 9420 4623 8230 4797
5967 7489 7080 8069 8486 6070 6019 8305 6646 7506
7451 7188 4296 7742 9250 1665 7718 7061 5099 1035
3766 473 5146 5102 366 4951 1792 5694 6131 3086
90 8458 9164 1231 273 51 277 64 3860 5571
5051 6778 6382 6005 5288 8890 8480 7166 9385 2385
8894 6683 9208 2467 1562 6604 4479 5406 9530 7117
8354 8725 7927 7584 6144 5887 7019 6254 6105 4674
9151 5743 6843 5474 7325 5685 6750 6587 716 5415
7722 8734 8011 5690 7707 6587 6140 7296 6651 9151
7098 7065 8103 8899 6901 9224 5347 6326 6896 7852
7627 7118 3151 6079 80 7340 7539 5507 6166 6009
9258 9417 103 5259 4741 4678 204 4680 5132 5526
763 9993 8896 6453 9085 6269 9240 9942 3937 7924
8356 7797 1567 1059 2243 7326 956 441 3763 2288
5433 7218 5712 6137 1661 3503 6264 5761 8978 9960
8419 8492 8099 8608 7678 6804 7765 7486 7411 9267
1185 2265 2318 3750 9682 7121 1616 9205 349 1130
5332 7939 4614 7512 3206 266 728 9457 5909 2126
8825 759 6926 8102 9058 7467 9271 6142 5941 6123
8151 6487 5460 5810 6882 5173 5488 5005 6632 5439
8082 8782 9942 9338 7857 2894 9993 4767 6234 9846
